% OutputPort1.Bitrate = 1e10;
% OutputPort2.Bitrate = 1e10;
% OutputPort3.Bitrate = 1e10;
% OutputPort4.Bitrate = 1e10;

OutputPort1 = InputPort1;
OutputPort2 = InputPort1;
OutputPort3 = InputPort1;
OutputPort4 = InputPort1;

OutputPort1.Sequence = [0 0  0 0    0 0  0 0    0 0  0 0    0 0  0 0    1 1  1 1    1 1  1 1    1 1  1 1    1 1  1 1   0 0  0 0    0 0  0 0    0 0  0 0    0 0  0 0    1 1  1 1    1 1  1 1    1 1  1 1    1 1  1 1];
OutputPort2.Sequence = [0 0  0 0    0 0  0 0    1 1  1 1    1 1  1 1    0 0  0 0    0 0  0 0    1 1  1 1    1 1  1 1   0 0  0 0    0 0  0 0    1 1  1 1    1 1  1 1    0 0  0 0    0 0  0 0    1 1  1 1    1 1  1 1];
OutputPort3.Sequence = [0 0  0 0    1 1  1 1    0 0  0 0    1 1  1 1    0 0  0 0    1 1  1 1    0 0  0 0    1 1  1 1   0 0  0 0    1 1  1 1    0 0  0 0    1 1  1 1    0 0  0 0    1 1  1 1    0 0  0 0    1 1  1 1];
OutputPort4.Sequence = [0 0  1 1    0 0  1 1    0 0  1 1    0 0  1 1    0 0  1 1    0 0  1 1    0 0  1 1    0 0  1 1   0 0  1 1    0 0  1 1    0 0  1 1    0 0  1 1    0 0  1 1    0 0  1 1    0 0  1 1    0 0  1 1];